>> hw2b([10;-1]);
m =  4
alpha =  0.94444
X =

  -7.1471
   5.8235

>> hw2c([9;-2]);
deltax =

  -1
   0

xnorm =  1
deltac =

  -1
  -1

cnorm =  1.4142
>> hw2c([9.99;-1.01]);
deltax =

  -1.0000e-02
   8.8818e-16

xnorm =  0.010000
deltac =

  -0.0100000
  -0.0100000

cnorm =  0.014142
>> hw2c([9.9998;-1.0002]);
deltax =

  -2.0000e-04
   8.8818e-16

xnorm =    2.0000e-04
deltac =

  -2.0000e-04
  -2.0000e-04

cnorm =    2.8284e-04