>> hw2d([10;-1]);
n =  4
alpha =  0.0097656
x =

  -1121.90
    563.20

>> hw2e([9;-2])
delta_x =

  -1
   0

xnorm =  1
delta_c =

  -1
  -1

cnorm =  1.4142
>> hw2e([9.99;-1.01])
delta_x =

  -0.0100000
   0.0000000

xnorm =  0.0100000
delta_c =

  -0.0100000
  -0.0100000

cnorm =  0.014142
>> hw2e([9.9998;-1.0002])
delta_x =

  -2.0000e-04
   0.0000e+00

xnorm =    2.0000e-04
delta_c =

  -2.0000e-04
  -2.0000e-04

cnorm =    2.8284e-04